# Created by Octave 4.0.0, Tue May 21 19:23:28 2019 India Standard Time <unknown@Siddharth_M>
# name: v
# type: matrix
# rows: 3
# columns: 1
 3999
 3242
 2343


